356482915
23167420
451000315
341412510
224995586
912613952
12088572
24593178
209207946
1421172
322431896
152767145
234779840
14079969
668351307
50816218
446464716
232462965
520102552
249181119
16818688
29572967
38054951
86347187
528549694
35218701
653475672
81216570
39939910
454236599
224303380
268041810
80215093
279040334
19987624
172258741
22935816
473529348
273624717
148738026
187302334
403896662
34060913
564344149
189985626
9303471
46682751
13379479
311735804
89964346
524127470
301770162
203077434
4757108
33228014
67232321
263818543
23605224
370818922
414966374
135528114
449631384
277230817
196898441
264250012
675086575
487388881
12186120
420497214
582403971
23009175
324802350
10196990
14006774
18100033
49197638
56594285
319601869
26948614
180624794
27323923
45149208
29772118
4069446
10560853
199724232
311703178
498578670
511849442
545055264
325683722
347953430
201445285
45226169
2125400
118682454
505114917
225005040
397155580
432374225